/TITLE, CONTINUUM GROUND STRUCTURE
! Created with:       FlExtract v1.12
! Element type:       PLANE42
! Number of nodes:    441
! Number of elements: 400

/PREP7
! Element type: ET, type #, name
ET, 1, SHELL41, , , 3

! Nodal coordinates: 'N', node_id, x-coord, y-coord, z-coord
N,	1,	0,	0,	0
N,	2,	0,	0.5,	0
N,	3,	0,	1,	0
N,	4,	0,	1.5,	0
N,	5,	0,	2,	0
N,	6,	0,	2.5,	0
N,	7,	0,	3,	0
N,	8,	0,	3.5,	0
N,	9,	0,	4,	0
N,	10,	0,	4.5,	0
N,	11,	0,	5,	0
N,	12,	0,	5.5,	0
N,	13,	0,	6,	0
N,	14,	0,	6.5,	0
N,	15,	0,	7,	0
N,	16,	0,	7.5,	0
N,	17,	0,	8,	0
N,	18,	0,	8.5,	0
N,	19,	0,	9,	0
N,	20,	0,	9.5,	0
N,	21,	0,	10,	0
N,	22,	0.5,	0,	0
N,	23,	0.5,	0.5,	0
N,	24,	0.5,	1,	0
N,	25,	0.5,	1.5,	0
N,	26,	0.5,	2,	0
N,	27,	0.5,	2.5,	0
N,	28,	0.5,	3,	0
N,	29,	0.5,	3.5,	0
N,	30,	0.5,	4,	0
N,	31,	0.5,	4.5,	0
N,	32,	0.5,	5,	0
N,	33,	0.5,	5.5,	0
N,	34,	0.5,	6,	0
N,	35,	0.5,	6.5,	0
N,	36,	0.5,	7,	0
N,	37,	0.5,	7.5,	0
N,	38,	0.5,	8,	0
N,	39,	0.5,	8.5,	0
N,	40,	0.5,	9,	0
N,	41,	0.5,	9.5,	0
N,	42,	0.5,	10,	0
N,	43,	1,	0,	0
N,	44,	1,	0.5,	0
N,	45,	1,	1,	0
N,	46,	1,	1.5,	0
N,	47,	1,	2,	0
N,	48,	1,	2.5,	0
N,	49,	1,	3,	0
N,	50,	1,	3.5,	0
N,	51,	1,	4,	0
N,	52,	1,	4.5,	0
N,	53,	1,	5,	0
N,	54,	1,	5.5,	0
N,	55,	1,	6,	0
N,	56,	1,	6.5,	0
N,	57,	1,	7,	0
N,	58,	1,	7.5,	0
N,	59,	1,	8,	0
N,	60,	1,	8.5,	0
N,	61,	1,	9,	0
N,	62,	1,	9.5,	0
N,	63,	1,	10,	0
N,	64,	1.5,	0,	0
N,	65,	1.5,	0.5,	0
N,	66,	1.5,	1,	0
N,	67,	1.5,	1.5,	0
N,	68,	1.5,	2,	0
N,	69,	1.5,	2.5,	0
N,	70,	1.5,	3,	0
N,	71,	1.5,	3.5,	0
N,	72,	1.5,	4,	0
N,	73,	1.5,	4.5,	0
N,	74,	1.5,	5,	0
N,	75,	1.5,	5.5,	0
N,	76,	1.5,	6,	0
N,	77,	1.5,	6.5,	0
N,	78,	1.5,	7,	0
N,	79,	1.5,	7.5,	0
N,	80,	1.5,	8,	0
N,	81,	1.5,	8.5,	0
N,	82,	1.5,	9,	0
N,	83,	1.5,	9.5,	0
N,	84,	1.5,	10,	0
N,	85,	2,	0,	0
N,	86,	2,	0.5,	0
N,	87,	2,	1,	0
N,	88,	2,	1.5,	0
N,	89,	2,	2,	0
N,	90,	2,	2.5,	0
N,	91,	2,	3,	0
N,	92,	2,	3.5,	0
N,	93,	2,	4,	0
N,	94,	2,	4.5,	0
N,	95,	2,	5,	0
N,	96,	2,	5.5,	0
N,	97,	2,	6,	0
N,	98,	2,	6.5,	0
N,	99,	2,	7,	0
N,	100,	2,	7.5,	0
N,	101,	2,	8,	0
N,	102,	2,	8.5,	0
N,	103,	2,	9,	0
N,	104,	2,	9.5,	0
N,	105,	2,	10,	0
N,	106,	2.5,	0,	0
N,	107,	2.5,	0.5,	0
N,	108,	2.5,	1,	0
N,	109,	2.5,	1.5,	0
N,	110,	2.5,	2,	0
N,	111,	2.5,	2.5,	0
N,	112,	2.5,	3,	0
N,	113,	2.5,	3.5,	0
N,	114,	2.5,	4,	0
N,	115,	2.5,	4.5,	0
N,	116,	2.5,	5,	0
N,	117,	2.5,	5.5,	0
N,	118,	2.5,	6,	0
N,	119,	2.5,	6.5,	0
N,	120,	2.5,	7,	0
N,	121,	2.5,	7.5,	0
N,	122,	2.5,	8,	0
N,	123,	2.5,	8.5,	0
N,	124,	2.5,	9,	0
N,	125,	2.5,	9.5,	0
N,	126,	2.5,	10,	0
N,	127,	3,	0,	0
N,	128,	3,	0.5,	0
N,	129,	3,	1,	0
N,	130,	3,	1.5,	0
N,	131,	3,	2,	0
N,	132,	3,	2.5,	0
N,	133,	3,	3,	0
N,	134,	3,	3.5,	0
N,	135,	3,	4,	0
N,	136,	3,	4.5,	0
N,	137,	3,	5,	0
N,	138,	3,	5.5,	0
N,	139,	3,	6,	0
N,	140,	3,	6.5,	0
N,	141,	3,	7,	0
N,	142,	3,	7.5,	0
N,	143,	3,	8,	0
N,	144,	3,	8.5,	0
N,	145,	3,	9,	0
N,	146,	3,	9.5,	0
N,	147,	3,	10,	0
N,	148,	3.5,	0,	0
N,	149,	3.5,	0.5,	0
N,	150,	3.5,	1,	0
N,	151,	3.5,	1.5,	0
N,	152,	3.5,	2,	0
N,	153,	3.5,	2.5,	0
N,	154,	3.5,	3,	0
N,	155,	3.5,	3.5,	0
N,	156,	3.5,	4,	0
N,	157,	3.5,	4.5,	0
N,	158,	3.5,	5,	0
N,	159,	3.5,	5.5,	0
N,	160,	3.5,	6,	0
N,	161,	3.5,	6.5,	0
N,	162,	3.5,	7,	0
N,	163,	3.5,	7.5,	0
N,	164,	3.5,	8,	0
N,	165,	3.5,	8.5,	0
N,	166,	3.5,	9,	0
N,	167,	3.5,	9.5,	0
N,	168,	3.5,	10,	0
N,	169,	4,	0,	0
N,	170,	4,	0.5,	0
N,	171,	4,	1,	0
N,	172,	4,	1.5,	0
N,	173,	4,	2,	0
N,	174,	4,	2.5,	0
N,	175,	4,	3,	0
N,	176,	4,	3.5,	0
N,	177,	4,	4,	0
N,	178,	4,	4.5,	0
N,	179,	4,	5,	0
N,	180,	4,	5.5,	0
N,	181,	4,	6,	0
N,	182,	4,	6.5,	0
N,	183,	4,	7,	0
N,	184,	4,	7.5,	0
N,	185,	4,	8,	0
N,	186,	4,	8.5,	0
N,	187,	4,	9,	0
N,	188,	4,	9.5,	0
N,	189,	4,	10,	0
N,	190,	4.5,	0,	0
N,	191,	4.5,	0.5,	0
N,	192,	4.5,	1,	0
N,	193,	4.5,	1.5,	0
N,	194,	4.5,	2,	0
N,	195,	4.5,	2.5,	0
N,	196,	4.5,	3,	0
N,	197,	4.5,	3.5,	0
N,	198,	4.5,	4,	0
N,	199,	4.5,	4.5,	0
N,	200,	4.5,	5,	0
N,	201,	4.5,	5.5,	0
N,	202,	4.5,	6,	0
N,	203,	4.5,	6.5,	0
N,	204,	4.5,	7,	0
N,	205,	4.5,	7.5,	0
N,	206,	4.5,	8,	0
N,	207,	4.5,	8.5,	0
N,	208,	4.5,	9,	0
N,	209,	4.5,	9.5,	0
N,	210,	4.5,	10,	0
N,	211,	5,	0,	0
N,	212,	5,	0.5,	0
N,	213,	5,	1,	0
N,	214,	5,	1.5,	0
N,	215,	5,	2,	0
N,	216,	5,	2.5,	0
N,	217,	5,	3,	0
N,	218,	5,	3.5,	0
N,	219,	5,	4,	0
N,	220,	5,	4.5,	0
N,	221,	5,	5,	0
N,	222,	5,	5.5,	0
N,	223,	5,	6,	0
N,	224,	5,	6.5,	0
N,	225,	5,	7,	0
N,	226,	5,	7.5,	0
N,	227,	5,	8,	0
N,	228,	5,	8.5,	0
N,	229,	5,	9,	0
N,	230,	5,	9.5,	0
N,	231,	5,	10,	0
N,	232,	5.5,	0,	0
N,	233,	5.5,	0.5,	0
N,	234,	5.5,	1,	0
N,	235,	5.5,	1.5,	0
N,	236,	5.5,	2,	0
N,	237,	5.5,	2.5,	0
N,	238,	5.5,	3,	0
N,	239,	5.5,	3.5,	0
N,	240,	5.5,	4,	0
N,	241,	5.5,	4.5,	0
N,	242,	5.5,	5,	0
N,	243,	5.5,	5.5,	0
N,	244,	5.5,	6,	0
N,	245,	5.5,	6.5,	0
N,	246,	5.5,	7,	0
N,	247,	5.5,	7.5,	0
N,	248,	5.5,	8,	0
N,	249,	5.5,	8.5,	0
N,	250,	5.5,	9,	0
N,	251,	5.5,	9.5,	0
N,	252,	5.5,	10,	0
N,	253,	6,	0,	0
N,	254,	6,	0.5,	0
N,	255,	6,	1,	0
N,	256,	6,	1.5,	0
N,	257,	6,	2,	0
N,	258,	6,	2.5,	0
N,	259,	6,	3,	0
N,	260,	6,	3.5,	0
N,	261,	6,	4,	0
N,	262,	6,	4.5,	0
N,	263,	6,	5,	0
N,	264,	6,	5.5,	0
N,	265,	6,	6,	0
N,	266,	6,	6.5,	0
N,	267,	6,	7,	0
N,	268,	6,	7.5,	0
N,	269,	6,	8,	0
N,	270,	6,	8.5,	0
N,	271,	6,	9,	0
N,	272,	6,	9.5,	0
N,	273,	6,	10,	0
N,	274,	6.5,	0,	0
N,	275,	6.5,	0.5,	0
N,	276,	6.5,	1,	0
N,	277,	6.5,	1.5,	0
N,	278,	6.5,	2,	0
N,	279,	6.5,	2.5,	0
N,	280,	6.5,	3,	0
N,	281,	6.5,	3.5,	0
N,	282,	6.5,	4,	0
N,	283,	6.5,	4.5,	0
N,	284,	6.5,	5,	0
N,	285,	6.5,	5.5,	0
N,	286,	6.5,	6,	0
N,	287,	6.5,	6.5,	0
N,	288,	6.5,	7,	0
N,	289,	6.5,	7.5,	0
N,	290,	6.5,	8,	0
N,	291,	6.5,	8.5,	0
N,	292,	6.5,	9,	0
N,	293,	6.5,	9.5,	0
N,	294,	6.5,	10,	0
N,	295,	7,	0,	0
N,	296,	7,	0.5,	0
N,	297,	7,	1,	0
N,	298,	7,	1.5,	0
N,	299,	7,	2,	0
N,	300,	7,	2.5,	0
N,	301,	7,	3,	0
N,	302,	7,	3.5,	0
N,	303,	7,	4,	0
N,	304,	7,	4.5,	0
N,	305,	7,	5,	0
N,	306,	7,	5.5,	0
N,	307,	7,	6,	0
N,	308,	7,	6.5,	0
N,	309,	7,	7,	0
N,	310,	7,	7.5,	0
N,	311,	7,	8,	0
N,	312,	7,	8.5,	0
N,	313,	7,	9,	0
N,	314,	7,	9.5,	0
N,	315,	7,	10,	0
N,	316,	7.5,	0,	0
N,	317,	7.5,	0.5,	0
N,	318,	7.5,	1,	0
N,	319,	7.5,	1.5,	0
N,	320,	7.5,	2,	0
N,	321,	7.5,	2.5,	0
N,	322,	7.5,	3,	0
N,	323,	7.5,	3.5,	0
N,	324,	7.5,	4,	0
N,	325,	7.5,	4.5,	0
N,	326,	7.5,	5,	0
N,	327,	7.5,	5.5,	0
N,	328,	7.5,	6,	0
N,	329,	7.5,	6.5,	0
N,	330,	7.5,	7,	0
N,	331,	7.5,	7.5,	0
N,	332,	7.5,	8,	0
N,	333,	7.5,	8.5,	0
N,	334,	7.5,	9,	0
N,	335,	7.5,	9.5,	0
N,	336,	7.5,	10,	0
N,	337,	8,	0,	0
N,	338,	8,	0.5,	0
N,	339,	8,	1,	0
N,	340,	8,	1.5,	0
N,	341,	8,	2,	0
N,	342,	8,	2.5,	0
N,	343,	8,	3,	0
N,	344,	8,	3.5,	0
N,	345,	8,	4,	0
N,	346,	8,	4.5,	0
N,	347,	8,	5,	0
N,	348,	8,	5.5,	0
N,	349,	8,	6,	0
N,	350,	8,	6.5,	0
N,	351,	8,	7,	0
N,	352,	8,	7.5,	0
N,	353,	8,	8,	0
N,	354,	8,	8.5,	0
N,	355,	8,	9,	0
N,	356,	8,	9.5,	0
N,	357,	8,	10,	0
N,	358,	8.5,	0,	0
N,	359,	8.5,	0.5,	0
N,	360,	8.5,	1,	0
N,	361,	8.5,	1.5,	0
N,	362,	8.5,	2,	0
N,	363,	8.5,	2.5,	0
N,	364,	8.5,	3,	0
N,	365,	8.5,	3.5,	0
N,	366,	8.5,	4,	0
N,	367,	8.5,	4.5,	0
N,	368,	8.5,	5,	0
N,	369,	8.5,	5.5,	0
N,	370,	8.5,	6,	0
N,	371,	8.5,	6.5,	0
N,	372,	8.5,	7,	0
N,	373,	8.5,	7.5,	0
N,	374,	8.5,	8,	0
N,	375,	8.5,	8.5,	0
N,	376,	8.5,	9,	0
N,	377,	8.5,	9.5,	0
N,	378,	8.5,	10,	0
N,	379,	9,	0,	0
N,	380,	9,	0.5,	0
N,	381,	9,	1,	0
N,	382,	9,	1.5,	0
N,	383,	9,	2,	0
N,	384,	9,	2.5,	0
N,	385,	9,	3,	0
N,	386,	9,	3.5,	0
N,	387,	9,	4,	0
N,	388,	9,	4.5,	0
N,	389,	9,	5,	0
N,	390,	9,	5.5,	0
N,	391,	9,	6,	0
N,	392,	9,	6.5,	0
N,	393,	9,	7,	0
N,	394,	9,	7.5,	0
N,	395,	9,	8,	0
N,	396,	9,	8.5,	0
N,	397,	9,	9,	0
N,	398,	9,	9.5,	0
N,	399,	9,	10,	0
N,	400,	9.5,	0,	0
N,	401,	9.5,	0.5,	0
N,	402,	9.5,	1,	0
N,	403,	9.5,	1.5,	0
N,	404,	9.5,	2,	0
N,	405,	9.5,	2.5,	0
N,	406,	9.5,	3,	0
N,	407,	9.5,	3.5,	0
N,	408,	9.5,	4,	0
N,	409,	9.5,	4.5,	0
N,	410,	9.5,	5,	0
N,	411,	9.5,	5.5,	0
N,	412,	9.5,	6,	0
N,	413,	9.5,	6.5,	0
N,	414,	9.5,	7,	0
N,	415,	9.5,	7.5,	0
N,	416,	9.5,	8,	0
N,	417,	9.5,	8.5,	0
N,	418,	9.5,	9,	0
N,	419,	9.5,	9.5,	0
N,	420,	9.5,	10,	0
N,	421,	10,	0,	0
N,	422,	10,	0.5,	0
N,	423,	10,	1,	0
N,	424,	10,	1.5,	0
N,	425,	10,	2,	0
N,	426,	10,	2.5,	0
N,	427,	10,	3,	0
N,	428,	10,	3.5,	0
N,	429,	10,	4,	0
N,	430,	10,	4.5,	0
N,	431,	10,	5,	0
N,	432,	10,	5.5,	0
N,	433,	10,	6,	0
N,	434,	10,	6.5,	0
N,	435,	10,	7,	0
N,	436,	10,	7.5,	0
N,	437,	10,	8,	0
N,	438,	10,	8.5,	0
N,	439,	10,	9,	0
N,	440,	10,	9.5,	0
N,	441,	10,	10,	0

! Element connectivity: 'EN', element_id,  node_ids
! Material:             'MP', property_id, material_id, value 
! Custom property:      'R',  property_id, value 
! Material 1
MP,	EX,  	1,	1
MP,	EY,  	1,	0
MP,	GXY, 	1,	0
MP,	PRXY,	1,	0.3
MP,	DENS,	1,	1000
R, 	1,	1
! Connectivity
EN,	1	1	22	23	2
EN,	2	2	23	24	3
EN,	3	3	24	25	4
EN,	4	4	25	26	5
EN,	5	5	26	27	6
EN,	6	6	27	28	7
EN,	7	7	28	29	8
EN,	8	8	29	30	9
EN,	9	9	30	31	10
EN,	10	10	31	32	11
EN,	11	11	32	33	12
EN,	12	12	33	34	13
EN,	13	13	34	35	14
EN,	14	14	35	36	15
EN,	15	15	36	37	16
EN,	16	16	37	38	17
EN,	17	17	38	39	18
EN,	18	18	39	40	19
EN,	19	19	40	41	20
EN,	20	20	41	42	21
EN,	21	22	43	44	23
EN,	22	23	44	45	24
EN,	23	24	45	46	25
EN,	24	25	46	47	26
EN,	25	26	47	48	27
EN,	26	27	48	49	28
EN,	27	28	49	50	29
EN,	28	29	50	51	30
EN,	29	30	51	52	31
EN,	30	31	52	53	32
EN,	31	32	53	54	33
EN,	32	33	54	55	34
EN,	33	34	55	56	35
EN,	34	35	56	57	36
EN,	35	36	57	58	37
EN,	36	37	58	59	38
EN,	37	38	59	60	39
EN,	38	39	60	61	40
EN,	39	40	61	62	41
EN,	40	41	62	63	42
EN,	41	43	64	65	44
EN,	42	44	65	66	45
EN,	43	45	66	67	46
EN,	44	46	67	68	47
EN,	45	47	68	69	48
EN,	46	48	69	70	49
EN,	47	49	70	71	50
EN,	48	50	71	72	51
EN,	49	51	72	73	52
EN,	50	52	73	74	53
EN,	51	53	74	75	54
EN,	52	54	75	76	55
EN,	53	55	76	77	56
EN,	54	56	77	78	57
EN,	55	57	78	79	58
EN,	56	58	79	80	59
EN,	57	59	80	81	60
EN,	58	60	81	82	61
EN,	59	61	82	83	62
EN,	60	62	83	84	63
EN,	61	64	85	86	65
EN,	62	65	86	87	66
EN,	63	66	87	88	67
EN,	64	67	88	89	68
EN,	65	68	89	90	69
EN,	66	69	90	91	70
EN,	67	70	91	92	71
EN,	68	71	92	93	72
EN,	69	72	93	94	73
EN,	70	73	94	95	74
EN,	71	74	95	96	75
EN,	72	75	96	97	76
EN,	73	76	97	98	77
EN,	74	77	98	99	78
EN,	75	78	99	100	79
EN,	76	79	100	101	80
EN,	77	80	101	102	81
EN,	78	81	102	103	82
EN,	79	82	103	104	83
EN,	80	83	104	105	84
EN,	81	85	106	107	86
EN,	82	86	107	108	87
EN,	83	87	108	109	88
EN,	84	88	109	110	89
EN,	85	89	110	111	90
EN,	86	90	111	112	91
EN,	87	91	112	113	92
EN,	88	92	113	114	93
EN,	89	93	114	115	94
EN,	90	94	115	116	95
EN,	91	95	116	117	96
EN,	92	96	117	118	97
EN,	93	97	118	119	98
EN,	94	98	119	120	99
EN,	95	99	120	121	100
EN,	96	100	121	122	101
EN,	97	101	122	123	102
EN,	98	102	123	124	103
EN,	99	103	124	125	104
EN,	100	104	125	126	105
EN,	101	106	127	128	107
EN,	102	107	128	129	108
EN,	103	108	129	130	109
EN,	104	109	130	131	110
EN,	105	110	131	132	111
EN,	106	111	132	133	112
EN,	107	112	133	134	113
EN,	108	113	134	135	114
EN,	109	114	135	136	115
EN,	110	115	136	137	116
EN,	111	116	137	138	117
EN,	112	117	138	139	118
EN,	113	118	139	140	119
EN,	114	119	140	141	120
EN,	115	120	141	142	121
EN,	116	121	142	143	122
EN,	117	122	143	144	123
EN,	118	123	144	145	124
EN,	119	124	145	146	125
EN,	120	125	146	147	126
EN,	121	127	148	149	128
EN,	122	128	149	150	129
EN,	123	129	150	151	130
EN,	124	130	151	152	131
EN,	125	131	152	153	132
EN,	126	132	153	154	133
EN,	127	133	154	155	134
EN,	128	134	155	156	135
EN,	129	135	156	157	136
EN,	130	136	157	158	137
EN,	131	137	158	159	138
EN,	132	138	159	160	139
EN,	133	139	160	161	140
EN,	134	140	161	162	141
EN,	135	141	162	163	142
EN,	136	142	163	164	143
EN,	137	143	164	165	144
EN,	138	144	165	166	145
EN,	139	145	166	167	146
EN,	140	146	167	168	147
EN,	141	148	169	170	149
EN,	142	149	170	171	150
EN,	143	150	171	172	151
EN,	144	151	172	173	152
EN,	145	152	173	174	153
EN,	146	153	174	175	154
EN,	147	154	175	176	155
EN,	148	155	176	177	156
EN,	149	156	177	178	157
EN,	150	157	178	179	158
EN,	151	158	179	180	159
EN,	152	159	180	181	160
EN,	153	160	181	182	161
EN,	154	161	182	183	162
EN,	155	162	183	184	163
EN,	156	163	184	185	164
EN,	157	164	185	186	165
EN,	158	165	186	187	166
EN,	159	166	187	188	167
EN,	160	167	188	189	168
EN,	161	169	190	191	170
EN,	162	170	191	192	171
EN,	163	171	192	193	172
EN,	164	172	193	194	173
EN,	165	173	194	195	174
EN,	166	174	195	196	175
EN,	167	175	196	197	176
EN,	168	176	197	198	177
EN,	169	177	198	199	178
EN,	170	178	199	200	179
EN,	171	179	200	201	180
EN,	172	180	201	202	181
EN,	173	181	202	203	182
EN,	174	182	203	204	183
EN,	175	183	204	205	184
EN,	176	184	205	206	185
EN,	177	185	206	207	186
EN,	178	186	207	208	187
EN,	179	187	208	209	188
EN,	180	188	209	210	189
EN,	181	190	211	212	191
EN,	182	191	212	213	192
EN,	183	192	213	214	193
EN,	184	193	214	215	194
EN,	185	194	215	216	195
EN,	186	195	216	217	196
EN,	187	196	217	218	197
EN,	188	197	218	219	198
EN,	189	198	219	220	199
EN,	190	199	220	221	200
EN,	191	200	221	222	201
EN,	192	201	222	223	202
EN,	193	202	223	224	203
EN,	194	203	224	225	204
EN,	195	204	225	226	205
EN,	196	205	226	227	206
EN,	197	206	227	228	207
EN,	198	207	228	229	208
EN,	199	208	229	230	209
EN,	200	209	230	231	210
EN,	201	211	232	233	212
EN,	202	212	233	234	213
EN,	203	213	234	235	214
EN,	204	214	235	236	215
EN,	205	215	236	237	216
EN,	206	216	237	238	217
EN,	207	217	238	239	218
EN,	208	218	239	240	219
EN,	209	219	240	241	220
EN,	210	220	241	242	221
EN,	211	221	242	243	222
EN,	212	222	243	244	223
EN,	213	223	244	245	224
EN,	214	224	245	246	225
EN,	215	225	246	247	226
EN,	216	226	247	248	227
EN,	217	227	248	249	228
EN,	218	228	249	250	229
EN,	219	229	250	251	230
EN,	220	230	251	252	231
EN,	221	232	253	254	233
EN,	222	233	254	255	234
EN,	223	234	255	256	235
EN,	224	235	256	257	236
EN,	225	236	257	258	237
EN,	226	237	258	259	238
EN,	227	238	259	260	239
EN,	228	239	260	261	240
EN,	229	240	261	262	241
EN,	230	241	262	263	242
EN,	231	242	263	264	243
EN,	232	243	264	265	244
EN,	233	244	265	266	245
EN,	234	245	266	267	246
EN,	235	246	267	268	247
EN,	236	247	268	269	248
EN,	237	248	269	270	249
EN,	238	249	270	271	250
EN,	239	250	271	272	251
EN,	240	251	272	273	252
EN,	241	253	274	275	254
EN,	242	254	275	276	255
EN,	243	255	276	277	256
EN,	244	256	277	278	257
EN,	245	257	278	279	258
EN,	246	258	279	280	259
EN,	247	259	280	281	260
EN,	248	260	281	282	261
EN,	249	261	282	283	262
EN,	250	262	283	284	263
EN,	251	263	284	285	264
EN,	252	264	285	286	265
EN,	253	265	286	287	266
EN,	254	266	287	288	267
EN,	255	267	288	289	268
EN,	256	268	289	290	269
EN,	257	269	290	291	270
EN,	258	270	291	292	271
EN,	259	271	292	293	272
EN,	260	272	293	294	273
EN,	261	274	295	296	275
EN,	262	275	296	297	276
EN,	263	276	297	298	277
EN,	264	277	298	299	278
EN,	265	278	299	300	279
EN,	266	279	300	301	280
EN,	267	280	301	302	281
EN,	268	281	302	303	282
EN,	269	282	303	304	283
EN,	270	283	304	305	284
EN,	271	284	305	306	285
EN,	272	285	306	307	286
EN,	273	286	307	308	287
EN,	274	287	308	309	288
EN,	275	288	309	310	289
EN,	276	289	310	311	290
EN,	277	290	311	312	291
EN,	278	291	312	313	292
EN,	279	292	313	314	293
EN,	280	293	314	315	294
EN,	281	295	316	317	296
EN,	282	296	317	318	297
EN,	283	297	318	319	298
EN,	284	298	319	320	299
EN,	285	299	320	321	300
EN,	286	300	321	322	301
EN,	287	301	322	323	302
EN,	288	302	323	324	303
EN,	289	303	324	325	304
EN,	290	304	325	326	305
EN,	291	305	326	327	306
EN,	292	306	327	328	307
EN,	293	307	328	329	308
EN,	294	308	329	330	309
EN,	295	309	330	331	310
EN,	296	310	331	332	311
EN,	297	311	332	333	312
EN,	298	312	333	334	313
EN,	299	313	334	335	314
EN,	300	314	335	336	315
EN,	301	316	337	338	317
EN,	302	317	338	339	318
EN,	303	318	339	340	319
EN,	304	319	340	341	320
EN,	305	320	341	342	321
EN,	306	321	342	343	322
EN,	307	322	343	344	323
EN,	308	323	344	345	324
EN,	309	324	345	346	325
EN,	310	325	346	347	326
EN,	311	326	347	348	327
EN,	312	327	348	349	328
EN,	313	328	349	350	329
EN,	314	329	350	351	330
EN,	315	330	351	352	331
EN,	316	331	352	353	332
EN,	317	332	353	354	333
EN,	318	333	354	355	334
EN,	319	334	355	356	335
EN,	320	335	356	357	336
EN,	321	337	358	359	338
EN,	322	338	359	360	339
EN,	323	339	360	361	340
EN,	324	340	361	362	341
EN,	325	341	362	363	342
EN,	326	342	363	364	343
EN,	327	343	364	365	344
EN,	328	344	365	366	345
EN,	329	345	366	367	346
EN,	330	346	367	368	347
EN,	331	347	368	369	348
EN,	332	348	369	370	349
EN,	333	349	370	371	350
EN,	334	350	371	372	351
EN,	335	351	372	373	352
EN,	336	352	373	374	353
EN,	337	353	374	375	354
EN,	338	354	375	376	355
EN,	339	355	376	377	356
EN,	340	356	377	378	357
EN,	341	358	379	380	359
EN,	342	359	380	381	360
EN,	343	360	381	382	361
EN,	344	361	382	383	362
EN,	345	362	383	384	363
EN,	346	363	384	385	364
EN,	347	364	385	386	365
EN,	348	365	386	387	366
EN,	349	366	387	388	367
EN,	350	367	388	389	368
EN,	351	368	389	390	369
EN,	352	369	390	391	370
EN,	353	370	391	392	371
EN,	354	371	392	393	372
EN,	355	372	393	394	373
EN,	356	373	394	395	374
EN,	357	374	395	396	375
EN,	358	375	396	397	376
EN,	359	376	397	398	377
EN,	360	377	398	399	378
EN,	361	379	400	401	380
EN,	362	380	401	402	381
EN,	363	381	402	403	382
EN,	364	382	403	404	383
EN,	365	383	404	405	384
EN,	366	384	405	406	385
EN,	367	385	406	407	386
EN,	368	386	407	408	387
EN,	369	387	408	409	388
EN,	370	388	409	410	389
EN,	371	389	410	411	390
EN,	372	390	411	412	391
EN,	373	391	412	413	392
EN,	374	392	413	414	393
EN,	375	393	414	415	394
EN,	376	394	415	416	395
EN,	377	395	416	417	396
EN,	378	396	417	418	397
EN,	379	397	418	419	398
EN,	380	398	419	420	399
EN,	381	400	421	422	401
EN,	382	401	422	423	402
EN,	383	402	423	424	403
EN,	384	403	424	425	404
EN,	385	404	425	426	405
EN,	386	405	426	427	406
EN,	387	406	427	428	407
EN,	388	407	428	429	408
EN,	389	408	429	430	409
EN,	390	409	430	431	410
EN,	391	410	431	432	411
EN,	392	411	432	433	412
EN,	393	412	433	434	413
EN,	394	413	434	435	414
EN,	395	414	435	436	415
EN,	396	415	436	437	416
EN,	397	416	437	438	417
EN,	398	417	438	439	418
EN,	399	418	439	440	419
EN,	400	419	440	441	420

! Nodal diplacement: 'D', node_id, 'UX / UZ', value
D,	1,	UZ,	0

D,	21,	UZ,	0

D,	22,	UZ,	0

D,	42,	UZ,	0

D,	43,	UZ,	0
D,	63,	UZ,	0

D,	64,	UZ,	0
D,	84,	UZ, 0
D,	85,	UZ,	0

D,	105,	UZ,	0

D,	106,	UZ,	0

D,	126,	UZ,	0

D,	127,	UZ,	0

D,	147,	UZ,	0

D,	148,	UZ,	0

D,	168,	UZ,	0

D,	169,	UZ,	0

D,	189,	UZ,	0
D,	190,	UZ,	0

D,	210,	UZ,	0

D,	211,	UZ,	0

D,	231,	UZ,	0
D,	232,	UZ,	0

D,	252,	UZ,	0

D,	253,	UZ,	0
D,	273,	UZ,	0

D,	274,	UZ,	0

D,	294,	UZ,	0

D,	295,	UZ,	0

D,	315,	UZ,	0

D,	316,	UZ,	0
D,	336,	UZ,	0

D,	337,	UZ,	0

D,	357,	UZ,	0

D,	358,	UZ,	0

D,	378,	UZ,	0

D,	379,	UZ,	0

D,	399,	UZ,	0

D,	400,	UZ,	0

D,	420,	UZ,	0

D,	421,	UZ,	0
D,	441,	UZ,	0
D,	1,	UZ,	0

D,	2,	UZ,	0

D,	3,	UZ,	0

D,	4,	UZ,	0
D,	5,	UZ,	0

D,	6,	UZ,	0
D,	7,	UZ,	0
D,	8,	UZ,	0
D,	9,	UZ,	0

D,	10,	UZ,	0

D,	11,	UZ,	0

D,	12,	UZ,	0
D,	13,	UZ,	0

D,	14,	UZ,	0

D,	15,	UZ,	0
D,	16,	UZ,	0

D,	17,	UZ,	0
D,	18,	UZ,	0

D,	19,	UZ,	0
D,	20,	UZ,	0

D,	21,	UZ,	0

D,	421,	UZ,	0

D,	422,	UZ,	0

D,	423,	UZ,	0

D,	424,	UZ,	0

D,	425,	UZ,	0

D,	426,	UZ,	0

D,	427,	UZ,	0

D,	428,	UZ,	0
D,	429,	UZ,	0

D,	430,	UZ,	0

D,	431,	UZ,	0

D,	432,	UZ,	0

D,	433,	UZ,	0
D,	434,	UZ,	0

D,	435,	UZ,	0

D,	436,	UZ,	0

D,	437,	UZ,	0

D,	438,	UZ,	0

D,	439,	UZ,	0
D,	440,	UZ,	0

D,	441,	UZ,	0

! Nodal load: 'F', node_id, 'FX / FY', value
F,	331,	FZ,	0.01, 1
F, 111, FZ, 0.01, 1
F, 331,	FZ,	0.01, 1


! Surface load: 'SFE', element_id, face_id, 'PRES', 0, value

! Acceleration: 'ACEL', x-value, y-value, z-value
ACEL,	0.0,	0.0,	0.0

FINISH
